4294967279,122
4294967279,121
4294967279,120
4294967279,119
4294967279,118
4294967279,117
4294967279,116
4294967279,115
4294967279,114
4294967279,113
4294967279,112
4294967279,111
4294967279,110
4294967279,109
4294967279,108
4294967279,107
4294967278,40
4294967278,38
4294967278,37
4294967278,36
4294967278,35
4294967278,32
4294967278,31
4294967278,30
4294967278,29
4294967278,28
4294967278,27
4294967278,26
4294967278,25
4294967278,24
4294967278,23
4294967278,22
4294967278,21
4294967278,20
4294967278,19
4294967278,18
4294967278,17
4294967278,16
4294967278,15
4294967278,14
4294967278,13
4294967278,12
4294967278,11
4294967278,10
4294967278,9
4294967278,8
4294967278,7
4294967278,6
4294967278,5
4294967278,4
4294967279,132
4294967279,131
4294967279,130
4294967279,129
4294967279,128
4294967279,127
4294967279,126
4294967279,125
4294967279,124
4294967279,123
4294967279,332
4294967278,385
4294967279,360
4294967278,404
4294967278,384
4294967279,381
4294967278,222
4294967278,220
4294967278,214
4294967278,212
4294967278,211
4294967278,209
4294967278,208
4294967278,207
4294967294,920
4294967278,206
4294967279,364
25327,6
4294967278,202
25327,5
4294967278,437
4294967279,197
4294967278,196
4294967279,196
25327,4
4294967278,195
25327,3
25327,2
25327,1
4294967278,399
4294967279,195
4294967278,193
4294967279,193
4294967279,192
4294967279,523
4294967279,191
4294967294,1421
4294967278,190
4294967278,332
4294967279,188
4294967278,432
4294967279,187
4294967279,186
4294967279,226
4294967278,420
4294967278,184
4294967278,183
4294967279,183
4294967278,180
25325,5
4294967279,182
25325,4
4294967278,181
25325,3
25325,2
25325,1
4294967278,179
4294967279,179
4294967278,178
4294967279,178
4294967279,572
4294967278,177
4294967294,1422
4294967279,177
4294967279,224
4294967279,173
4294967278,339
4294967278,171
4294967294,1423
4294967279,171
4294967279,347
4294967278,170
4294967278,235
4294967278,169
4294967278,168
4294967279,168
4294967278,165
4294967278,167
25323,5
25323,4
4294967278,166
25323,3
25323,2
25323,1
4294967278,231
4294967279,166
4294967278,164
4294967279,164
4294967278,163
4294967279,163
4294967279,216
4294967278,162
4294967279,162
4294967278,161
4294967278,373
4294967278,39
4294967279,372
4294967278,431
4294967279,159
4294967278,157
4294967279,157
4294967278,156
4294967279,155
4294967278,155
4294967278,154
4294967279,153
4294967278,151
4294967278,153
25321,5
4294967279,152
25321,4
4294967278,152
25321,3
25321,2
25321,1
4294967279,151
4294967278,150
4294967279,149
4294967278,149
4294967279,148
4294967279,218
4294967278,148
4294967278,147
4294967278,34
4294967279,341
4294967278,430
4294967278,33
4294967278,392
4294967278,302
4294967278,301
4294967278,364
4294967278,411
4294967278,174
4294967278,61
4294967278,60
4294967278,59
4294967278,58
4294967278,57
4294967278,56
4294967278,55
4294967278,54
4294967278,53
4294967278,52
4294967278,51
4294967278,50
4294967278,49
4294967278,48
4294967278,47
4294967278,46
4294967278,45
4294967278,44
4294967278,43
4294967278,42
4294967278,41
4294967279,321
4294967279,543
4294967279,269
4294967279,352
4294967279,278
4294967279,544
4294967279,84
4294967279,83
4294967279,542
4294967279,82
4294967279,80
4294967279,77
4294967279,75
4294967279,74
4294967279,368
4294967279,72
4294967279,567
4294967279,70
4294967279,69
4294967279,67
4294967279,66
4294967279,65
4294967279,64
4294967279,63
4294967279,61
4294967279,60
4294967279,59
4294967279,58
4294967279,55
4294967279,53
4294967279,52
4294967279,50
4294967279,48
4294967279,47
4294967279,45
4294967279,44
4294967279,42
4294967279,39
4294967279,38
4294967279,36
4294967279,35
4294967279,34
4294967279,32
4294967279,29
4294967279,28
4294967279,26
4294967279,25
4294967279,23
4294967279,328
4294967279,16
4294967279,14
4294967279,12
4294967279,33
4294967279,144
4294967279,539
4294967279,31
4294967278,356
4294967279,141
4294967279,139
25319,5
4294967279,138
25319,4
25319,3
25319,2
25319,1
4294967279,272
4294967279,22
4294967279,135
4294967279,134
4294967279,214
4294967279,133
4294967279,19
4294967279,283
4294967278,355
4294967279,329
25317,6
4294967279,279
4294967278,393
4294967278,401
4294967279,280
25317,5
4294967279,265
25317,4
4294967279,264
25317,3
25317,2
25317,1
4294967279,263
4294967279,275
4294967279,361
25316,5
4294967294,914
4294967294,910
4294967294,898
4294967294,190
4294967294,966
4294967294,170
4294967279,258
4294967279,257
25316,4
25316,3
25316,2
25316,1
4294967279,256
4294967279,255
4294967279,324
4294967294,396
4294967294,407
4294967294,948
4294967294,414
4294967294,403
4294967294,167
4294967294,384
4294967294,398
4294967294,444
4294967294,463
4294967294,164
4294967294,119
4294967294,400
4294967294,408
4294967294,108
4294967278,303
4294967279,340
4294967278,371
4294967278,370
4294967278,367
4294967278,369
25315,5
25315,4
4294967278,368
25315,3
25315,2
25315,1
4294967278,253
25314,5
4294967278,250
4294967278,248
25314,4
25314,3
25314,2
25314,1
4294967279,367
4294967278,246
4294967278,244
4294967278,242
4294967278,397
4294967279,345
4294967278,240
4294967278,237
4294967278,236
4294967278,405
4294967294,483
4294967278,234
4294967278,232
4294967278,230
4294967278,228
25312,4
25312,3
25312,2
25312,1
4294967278,226
4294967278,418
4294967294,1416
4294967279,551
4294967278,322
4294967294,484
4294967278,429
4294967294,392
4294967294,437
4294967294,390
4294967294,120
